%YAML:1.0
---
calibration_time: "Mon 15 Apr 2024 05:55:58 PM EDT"
nframes: 131
image_width: 752
image_height: 480
board_width: 9
board_height: 6
square_size: 1.
flags: 128
camera_matrix: !!opencv-matrix
   rows: 3
   cols: 3
   dt: d
   data: [ 425.29345737386075, 0., 385.71232780984803, 0.,
       426.87948525584738, 242.14340513499178, 0., 0., 1. ]
distortion_coefficients: !!opencv-matrix
   rows: 5
   cols: 1
   dt: d
   data: [ -0.29063792513610842, 0.076921589512537733,
       0.00060088282345378558, -0.00048727029659954743, 0. ]
avg_reprojection_error: 0.44172131792695224
per_view_reprojection_errors: !!opencv-matrix
   rows: 131
   cols: 1
   dt: f
   data: [ 0.0962221846, 0.0942317843, 0.131444633, 3.2378819,
       3.27173495, 0.103438184, 0.099731952, 0.103301272, 0.107698828,
       0.0913342386, 0.0967070982, 0.209786803, 0.102188021, 0.114855319,
       0.114458568, 0.0962335467, 0.144760087, 0.14054355, 0.138168171,
       0.166407734, 0.268876612, 0.251838952, 0.246696562, 0.202941924,
       0.208071887, 0.167056814, 0.144837067, 0.128908634, 0.133153453,
       0.12515454, 0.128067195, 0.13914983, 0.126350716, 0.125363067,
       0.120813414, 0.118414953, 0.128324389, 0.133054346, 0.128406003,
       0.142861947, 0.130469099, 0.134807676, 0.128719553, 0.24806577,
       0.224521235, 0.220468298, 0.595731735, 0.245652288, 0.229240149,
       0.223733738, 0.22620438, 0.262413204, 0.234201163, 0.200030237,
       0.207512468, 0.207145751, 0.203477174, 0.19471629, 0.194869027,
       0.1975362, 0.142512977, 0.14447929, 0.153918341, 0.145388365,
       0.15518856, 0.187973484, 0.180138454, 0.176389098, 0.176805735,
       0.184487909, 0.168288767, 0.165274516, 0.175367579, 0.171509087,
       0.179662004, 0.166224167, 0.165845662, 0.167840227, 0.167758107,
       0.171151012, 0.167661652, 0.15160583, 0.110615149, 0.110153764,
       0.0968806148, 0.136283457, 0.11204017, 0.125538737, 0.159894869,
       0.162473738, 0.156085357, 0.106036924, 0.113416471, 0.117255747,
       0.111803956, 0.101188391, 0.14259325, 0.106144533, 0.105574258,
       0.134111837, 0.20299542, 0.193025306, 0.602651954, 0.245973513,
       0.19171828, 0.17798005, 0.172713548, 0.166738302, 0.152249247,
       0.179481998, 0.17746155, 0.254857451, 0.225494832, 0.356790185,
       0.37325567, 0.176629871, 0.188677683, 0.112329766, 0.116395004,
       0.117972635, 0.110631272, 0.111236706, 0.118795261, 0.119361341,
       0.110665895, 0.12344142, 0.195732534, 0.210509956, 0.187589705,
       0.190391704, 0.181416884 ]
extrinsic_parameters: !!opencv-matrix
   rows: 131
   cols: 6
   dt: d
   data: [ 0.023340387262734064, 0.052309292552706346,
       -0.046727597770493519, -5.6242733403575329, 1.5956583041261805,
       24.452676706653492, 0.025212789599073793, 0.052445384927237063,
       -0.046565528706706466, -5.6414834283326991, 1.6019581971111627,
       24.463459308339068, -0.099747800284658808, 0.15790983415860063,
       -0.0036630166496873658, -4.221797791652218, 0.037624863538709474,
       18.904580987360905, 0.020440396793024996, 0.73875848746345807,
       -0.031817674790652999, -4.6702303711829236, 0.42378608695016956,
       20.101923234369959, 0.027625931063821767, 0.73784646621062921,
       -0.034426545878764481, -4.6571060000002937, 0.42706998744451746,
       20.056296512543483, -0.1233882632517749, -0.53800694079102518,
       -0.0063940437978009185, -5.0221606014036766, 0.26860312295934607,
       16.21401761902916, -0.094260962626951147, -0.54830648407502469,
       0.00083142769589711536, -4.8836458949072838, 0.30639272898575454,
       16.115077313293785, -0.1068877424420543, -0.54513136095518444,
       -0.0035376894747807656, -4.8604684648931062, 0.32346069116960358,
       16.073749144740706, -0.10328718156018506, -0.54765355105772728,
       -0.002969970772311906, -4.8255169003471163, 0.32391439487258494,
       16.064155500454568, -0.12111860028710517, 0.11768273411177904,
       -0.012058206163038102, -3.1356251181953909, -0.90844278279216872,
       20.29522857312984, -0.08587759172828173, 0.25977027201291913,
       -0.013684464326621548, -2.5604756632025167, -0.88265122115647843,
       20.815482157604539, -0.1394761638372817, 0.62686908634785221,
       0.0039800962753376648, 2.8053392019737453, -1.217228594313011,
       15.868174797311644, 0.065763906957267124, -0.59199243150894199,
       0.029807363997488987, -4.1627260193460174, -1.1090173588853236,
       12.876372893207067, 0.068313586441120941, -0.59146308747150389,
       0.029992503216592463, -4.1634120374229751, -1.1022322532511821,
       12.86170718167717, 0.073932795578998983, -0.5920596558072041,
       0.031659299511325033, -4.1336415166567448, -1.0950863080084254,
       12.821203359577851, -0.6674187506481436, -0.43342490921401144,
       -0.11938061817877998, -4.9479560433381637, -0.16407083433156494,
       16.799785579966649, -0.61997725565759776, -0.18023970745466505,
       -0.047511124567618336, -3.2146156697780137, -0.45988312437611262,
       14.293906654766243, -0.60401023854830937, -0.19044523162462015,
       -0.048272499906942733, -3.5057671606323688, -0.52811319507126664,
       13.926864512402517, -0.60451015120120022, -0.19824476561089818,
       -0.048184945848705224, -4.1712554569938005, -0.55558474269125335,
       13.461037200254973, -0.61711293844807691, 0.035796110153409583,
       0.015999347825444134, -2.2428232714534606, -0.50463041239377493,
       14.269916119267934, -0.61835863539565505, 0.26240904763344719,
       0.077850513047020523, 0.8342011651668042, -0.4995030784677188,
       14.468433231639517, -0.55916473071085326, 0.28379993172110335,
       0.069379313964784889, 0.73252146355049774, -0.67136908015637076,
       14.35902797220713, -0.49743214104986527, 0.30571419550727502,
       0.0603864601210976, 0.61602076604662792, -0.83451160546984204,
       14.132968542931266, -0.17514427980508487, 0.36020879441780246,
       0.00051353089734577234, -0.1687708114803731, -1.3425499205304885,
       12.048649666490777, -0.029286083340128163, 0.2641501383791704,
       -0.02432115570333886, -0.53377149595664319, -1.3281720524918401,
       11.48704264552825, 0.015941737393063034, -0.30031070151201761,
       0.0020192623525336984, -3.3069028720557885, -1.3236406626547903,
       10.231565416599782, -0.0054107449384103706, -0.4109058468122242,
       0.0029190387227399123, -4.0654205685037859, -1.3274453241545978,
       10.136194158324109, -0.023232194897672764, -0.43199044628818739,
       0.0010315643720741798, -4.1762767487983625, -1.339508731625406,
       10.243657799689334, -0.041512110713339163, -0.43511690102173101,
       -0.0021988050172804079, -4.2666311377389494, -1.349180435356399,
       10.375856869440536, -0.046897026697637158, -0.43594407493164128,
       -0.0055307731341478249, -4.2956979702329265, -1.3386314567380195,
       10.410426857395503, -0.048901754148032411, -0.43158333502328916,
       -0.0037628416882131113, -4.3487492076906857, -1.3473116832834582,
       10.417961329864548, -0.058650470333635754, -0.44048373889236575,
       -0.0081723947185947266, -4.3777073012487904, -1.3436674446637409,
       10.468594424930792, -0.092707562912359362, -0.4601294295385529,
       -0.012393579267972653, -4.4349230418276404, -1.3648104128336853,
       10.668860712924388, -0.09309747331957284, -0.46077975608084248,
       -0.012037425298874504, -4.4332246233538077, -1.3670701507726446,
       10.663951726080999, -0.090309598085155041, -0.45908942167514327,
       -0.012090906853332065, -4.4321986091314178, -1.3627415566630814,
       10.648802154521192, -0.090134503021989845, -0.4590894175483437,
       -0.011816929262663083, -4.4344843622699255, -1.3647634867216949,
       10.650281431152814, -0.074837653254262851, -0.39537084605352363,
       -0.012671035918010401, -4.4889893431248638, -1.3249780782369287,
       10.659254795143651, -0.071306841666234716, -0.39576366180651168,
